1.6209403 1.9415568
1.5239683 1.7761313
1.4859183 1.7612457
1.4335523 1.6793183
1.4180301 1.7223018
1.3824117 1.7722734
1.3702499 1.6973888
1.3488867 1.5876385
1.3425779 1.8208989
1.3311815 1.6064757
1.326439 1.6357241
1.3189799 1.6428187
1.3156003 1.6435692
1.3099495 1.6573412
1.3114204 1.6363385
1.3873031 1.6234453
1.3112929 1.549654
1.2913382 1.5326339
1.271453 1.5094522
1.2698079 1.5218496
1.2472159 1.4954071
1.2520944 1.4926432
1.2416945 1.4889239
1.2395016 1.4863169
1.2348006 1.4793146
1.2313896 1.4766939
1.2353939 1.476865
1.2301354 1.4780269
1.2349435 1.4799544
1.2267377 1.476676
2.0309734 2.4800262
1.8223821 2.266145
1.7641551 2.2546632
1.7282844 2.423222
1.7437752 2.239993
1.6847293 2.1922095
1.6926161 2.1677434
1.671971 2.1492677
1.6801156 2.1561317
1.6545635 2.1283076
1.6411183 2.1394043
1.6633337 2.1278298
1.6499702 2.117796
1.6571249 2.1190128
1.6363709 2.1182847
1.6163563 2.1221457
1.6161638 2.1239088
1.6338713 2.1208653
1.6474296 2.117292
1.6501906 2.1147544
1.6170259 2.1176167
1.6214881 2.123853
1.6090913 2.1227844
1.6202999 2.114581
1.6223396 2.1175253
1.7442092 2.115419
1.62907 2.114988
1.6374631 2.1141133
1.6168578 2.1178575
1.6148232 2.1192362
1.6453358 2.1135724
1.6312382 2.1162066
1.6059731 2.1212163
1.6191912 2.1160161
1.6210536 2.1169019
1.6440603 2.1143482
1.6216736 2.1231377
1.6401311 2.116532
1.6051539 2.117124
1.6192324 2.1247108
1.6102482 2.129917
1.6342922 2.121752
1.662867 2.1117663
1.6205233 2.1151383
1.6206135 2.1209462
1.6478279 2.1148183
1.6620314 2.1162446
1.6496313 2.1117733
1.6327174 2.1164005
1.6292865 2.1139748
1.6133362 2.1187277
1.6732405 2.113616
1.626756 2.1164997
1.6342206 2.1145058
1.6196612 2.121636
1.6154884 2.1156783
1.6279482 2.1151383
1.6143094 2.1181664
1.6108401 2.1162584
1.6203493 2.1195145
1.620996 2.1182594
1.615092 2.1142972
1.6229596 2.1170805
1.6247859 2.1136107
1.6164916 2.1120958
1.6178806 2.1177711
1.6523443 2.1148267
1.6216595 2.115317
1.6428347 2.1131332
1.6148638 2.1144462
1.6154368 2.1171596
1.6296296 2.1134858
1.6366401 2.1123722
1.614878 2.1217735
1.670696 2.120325
1.6287941 2.1198971
1.6570069 2.1136756
1.6184546 2.11423
1.670219 2.1124027
1.6366202 2.1125076
1.6282783 2.1144798
1.6244718 2.115766
1.6063889 2.122088
1.6325587 2.1141639
1.6529472 2.1218193
1.6506633 2.1159272
1.6358237 2.11608
1.6329739 2.1219366
1.6182857 2.1145556
1.6183367 2.1202009
1.6573554 2.113984
1.7050245 2.11552
1.6322185 2.1152496
1.6214612 2.1235566
1.62813 2.119832
1.6337365 2.1142623
1.6557989 2.1147456
1.6113063 2.1188788
1.6117254 2.1209357
1.6141299 2.1219926
1.818887 2.1403255
1.6066941 1.9322312
1.5821726 1.947871
1.5643489 2.4606023
1.5865954 1.9314287
1.5338773 1.9158269
1.5380331 1.877319
1.5195099 2.0100749
1.5154413 1.864938
1.4893626 1.8211267
1.4643956 1.8302196
1.4914541 1.9183185
1.472265 1.8428992
1.4750079 1.8180482
1.4395152 1.8048369
1.4180855 2.1527722
1.420577 2.097538
1.4236517 1.8119725
1.4353236 1.7914294
1.4260997 1.7950666
1.3907398 1.7976195
1.3876799 1.8065728
1.3715192 1.804792
1.3788238 1.8024747
1.3754184 1.865534
1.4469103 1.7870842
1.3820603 1.793812
1.3787234 1.7843417
1.3579565 1.7873976
1.3515202 1.8197726
1.3745774 1.7887628
1.3619784 1.8720611
1.3388326 1.7850566
1.3494278 1.7965981
1.3485636 1.7839246
1.368352 1.7838713
1.3476579 1.7927808
1.3592315 1.8202542
1.3313409 1.7813836
1.3440062 1.7936182
1.332607 1.8067571
1.350235 1.7964036
1.3747429 1.7810388
1.3409137 1.7848256
1.3395135 1.7893978
1.3610758 1.7833321
1.3713629 1.7846066
1.356916 1.7846804
1.3440884 1.7867943
1.3469646 1.784744
1.3311963 1.7906976
1.3763665 1.7828876
1.3412372 1.7872
1.3495206 1.7852312
1.3364367 1.7917954
1.3328131 1.7859769
1.3409992 1.7835408
1.3307054 1.7885718
1.3281716 1.7873571
1.3369282 1.7909787
1.3353904 1.7880207
1.3331327 1.7840428
1.3412701 1.7880522
1.3418692 1.7830565
1.3315693 1.7825996
1.3321234 1.7883432
1.3582814 1.7844242
1.3389393 1.7848042
1.3516916 1.7826796
1.3317367 1.7848595
1.3320512 1.7887772
1.3448242 1.784486
1.3450483 1.7825199
1.3300673 1.7915823
1.3745557 1.7886487
1.3468654 1.7902071
1.3621911 1.7843271
1.3341568 1.7842883
1.3673956 1.7817513
1.351196 1.7828628
1.3475451 1.7845289
1.3319958 1.7855071
1.3234422 1.7916143
1.348364 1.7852569
1.3654524 1.7935466
1.3622 1.7846174
1.348607 1.7861586
1.3407223 1.7913553
1.3369658 1.7838589
1.3356974 1.7907406
1.3578144 1.7842615
1.3886837 1.7852238
1.345674 1.7847775
1.3360689 1.7935021
1.3395758 1.788951
1.346446 1.7836937
1.3631828 1.7841564
1.3302672 1.7892042
1.3291725 1.7911284
1.3303512 1.7916677
